(44, 27, 2145)
(44, 26, 2627)
(44, 29, 1624)
(44, 28, 6699)
(50, 31, 492)
(50, 30, 670)
(26, 36, 455)
(50, 36, 200)
(26, 30, 1521)
(43, 50, 718)
(26, 31, 8416)
(43, 47, 3786)
(43, 48, 2191)
(50, 42, 636)
(50, 41, 7370)
(26, 45, 1136)
(50, 44, 858)
(26, 44, 1896)
(50, 43, 675)
(26, 47, 7977)
(50, 46, 944)
(26, 46, 2600)
(50, 45, 776)
(50, 48, 1643)
(26, 48, 39222)
(48, 50, 1497)
(50, 47, 1038)
(43, 43, 131580)
(43, 44, 5514)
(44, 11, 16848)
(43, 45, 1996)
(43, 46, 1273)
(26, 41, 9790)
(27, 11, 7274)
(26, 43, 1355)
(43, 41, 18285)
(26, 42, 1496)
(43, 42, 3649)
(43, 36, 2973)
(31, 50, 413)
(50, 50, 57970)
(48, 42, 1682)
(26, 11, 11376)
(48, 43, 1508)
(48, 41, 10914)
(48, 48, 255443)
(48, 46, 3113)
(48, 47, 7046)
(43, 30, 7120)
(48, 44, 2419)
(43, 31, 940)
(48, 45, 1517)
(43, 29, 906)
(36, 50, 261)
(43, 26, 1746)
(43, 27, 1916)
(43, 28, 3339)
(31, 43, 593)
(31, 42, 598)
(31, 45, 468)
(31, 44, 836)
(31, 41, 3329)
(48, 31, 6002)
(48, 30, 1715)
(26, 27, 4441)
(31, 47, 5623)
(26, 26, 292439)
(31, 46, 695)
(26, 29, 992)
(26, 28, 1793)
(31, 48, 5587)
(42, 50, 664)
(48, 36, 449)
(36, 42, 595)
(36, 41, 4416)
(42, 46, 1185)
(42, 47, 3045)
(42, 48, 2148)
(31, 31, 84552)
(36, 48, 732)
(36, 47, 810)
(36, 46, 549)
(36, 45, 1105)
(31, 30, 527)
(36, 44, 4391)
(36, 43, 3589)
(47, 50, 1054)
(31, 36, 142)
(42, 42, 129948)
(48, 28, 2278)
(42, 43, 3706)
(43, 11, 11239)
(48, 29, 994)
(42, 44, 2327)
(48, 26, 40113)
(42, 45, 1118)
(48, 27, 6729)
(42, 41, 23725)
(36, 31, 244)
(36, 30, 8373)
(42, 36, 444)
(36, 36, 25000)
(30, 50, 635)
(31, 29, 223)
(47, 41, 14109)
(31, 28, 713)
(47, 42, 2738)
(31, 27, 2460)
(31, 26, 7878)
(42, 31, 814)
(47, 47, 196062)
(47, 48, 8298)
(47, 45, 1233)
(47, 46, 1509)
(47, 43, 3310)
(48, 11, 10100)
(42, 30, 1628)
(47, 44, 2818)
(42, 28, 4359)
(42, 29, 683)
(42, 26, 1759)
(42, 27, 1514)
(30, 42, 1828)
(36, 28, 753)
(30, 41, 10599)
(36, 27, 622)
(30, 44, 12593)
(36, 26, 700)
(30, 43, 7419)
(31, 11, 3600)
(47, 30, 2453)
(47, 31, 7695)
(29, 48, 1171)
(29, 47, 666)
(30, 46, 1646)
(30, 45, 3726)
(30, 48, 2464)
(30, 47, 3275)
(36, 29, 577)
(29, 42, 585)
(29, 41, 6043)
(41, 50, 6588)
(47, 36, 545)
(29, 46, 27816)
(29, 45, 4849)
(29, 44, 1261)
(29, 43, 713)
(41, 48, 16059)
(41, 47, 18295)
(41, 46, 12694)
(41, 45, 14282)
(47, 29, 727)
(30, 31, 716)
(30, 30, 120238)
(36, 11, 4283)
(46, 50, 1047)
(30, 36, 5105)
(47, 27, 37182)
(47, 28, 2966)
(42, 11, 17293)
(29, 50, 769)
(47, 26, 8554)
(41, 44, 29687)
(41, 43, 18670)
(41, 42, 22899)
(41, 41, 1164252)
(41, 36, 3873)
(29, 28, 1217)
(30, 28, 2014)
(29, 27, 546)
(30, 27, 1896)
(29, 26, 972)
(46, 41, 10926)
(30, 29, 1195)
(30, 26, 1859)
(29, 29, 124594)
(46, 47, 1364)
(46, 46, 147530)
(28, 50, 1433)
(46, 48, 3669)
(46, 43, 1052)
(46, 42, 987)
(41, 31, 5731)
(46, 45, 4278)
(41, 30, 12980)
(46, 44, 2217)
(47, 11, 11027)
(41, 26, 14358)
(41, 29, 8586)
(41, 28, 50793)
(41, 27, 11760)
(30, 11, 9650)
(46, 30, 1352)
(29, 36, 358)
(29, 31, 307)
(46, 36, 396)
(29, 30, 975)
(46, 31, 773)
(11, 41, 182995)
(11, 43, 12121)
(11, 42, 17014)
(11, 45, 12449)
(46, 29, 25773)
(11, 44, 16964)
(46, 28, 2574)
(11, 47, 14546)
(11, 46, 11010)
(28, 36, 604)
(45, 50, 846)
(11, 48, 15844)
(28, 30, 2084)
(46, 27, 851)
(46, 26, 2678)
(41, 11, 248409)
(28, 31, 866)
(11, 50, 7272)
(28, 48, 2792)
(28, 46, 2799)
(28, 47, 3064)
(45, 46, 4502)
(28, 41, 50263)
(45, 45, 154519)
(45, 48, 1833)
(45, 47, 1200)
(28, 44, 5560)
(45, 42, 1016)
(28, 45, 2752)
(45, 41, 11938)
(28, 42, 3854)
(29, 11, 6316)
(45, 44, 4568)
(28, 43, 2889)
(45, 43, 1586)
(46, 11, 9596)
(27, 47, 31740)
(27, 48, 6834)
(27, 45, 699)
(27, 46, 735)
(11, 27, 12774)
(11, 26, 18039)
(11, 29, 9368)
(11, 28, 28402)
(45, 36, 725)
(27, 43, 1354)
(28, 11, 33653)
(45, 31, 483)
(27, 44, 1403)
(45, 30, 3154)
(27, 41, 7093)
(27, 42, 1205)
(11, 30, 12229)
(11, 31, 6024)
(45, 28, 2575)
(45, 27, 784)
(11, 36, 3746)
(45, 29, 4429)
(28, 26, 2332)
(28, 27, 1716)
(44, 50, 894)
(28, 28, 238183)
(28, 29, 1679)
(27, 50, 918)
(45, 26, 1238)
(44, 48, 3379)
(50, 11, 7426)
(27, 26, 4020)
(27, 29, 465)
(27, 27, 179894)
(27, 28, 1177)
(44, 45, 5109)
(44, 44, 162239)
(26, 50, 1964)
(44, 47, 3550)
(44, 46, 2932)
(44, 41, 29391)
(44, 43, 5607)
(45, 11, 10200)
(44, 42, 2606)
(11, 11, 809201)
(27, 36, 361)
(50, 26, 2190)
(50, 28, 1736)
(50, 27, 1098)
(50, 29, 810)
(44, 36, 3843)
(44, 30, 12509)
(27, 30, 1278)
(27, 31, 2434)
(44, 31, 1357)
